a=3*3.7+3.7*2+4*2+3.7*1+2.5*3+2*4+2.7*3+2.3+2.5*4+2*3+3.5*3+1*4+2*4
b=(3+2+2+1+2.5+2+3+1+2.5+2+3.5+1+2)
TotalGrade=86+86+92+88+78+91+75+74+94+78+81+92+93
a/b